                @php
                    $clients = [
                        [
                            'icon' =>
                                '<path fill-rule="evenodd" clip-rule="evenodd" d="M22.8461 3.86494L24.4806 9.216H29.9131L26.6867 3.87719C26.6797 3.86556 26.6398 3.86494 26.6281 3.86494H22.8461ZM11.6201 17.2026L10.7486 21.1001C10.6955 21.3383 10.585 21.5599 10.4266 21.7456C10.4688 21.8423 10.5005 21.9432 10.5214 22.0466C10.7929 22.3827 10.9409 22.8017 10.9408 23.2338C10.9408 23.5555 10.8603 23.8584 10.7184 24.1237H12.0195V17.5398H16.9263V24.1238H17.9263V17.5398H22.8331V24.1238H28.1085V13.0516C27.8924 13.0842 27.6742 13.1005 27.4556 13.1004C26.147 13.1004 24.8329 12.5012 24.1125 11.3868C23.3921 12.5012 22.0779 13.1004 20.7694 13.1004C19.4608 13.1004 18.1466 12.5012 17.4263 11.3868C16.7059 12.5012 15.3917 13.1004 14.0831 13.1004C12.7746 13.1004 11.4603 12.5012 10.7399 11.3868C10.0197 12.5012 8.70531 13.1004 7.39681 13.1004C7.17437 13.1004 6.95625 13.0837 6.74394 13.0516V14.5169H9.46881C10.2732 14.5169 11.061 14.9987 11.4349 15.7097V15.1264H23.4174V16.5398H11.6717C11.6757 16.5939 11.6777 16.6484 11.6777 16.7034C11.6779 16.8714 11.6568 17.0387 11.6201 17.2026ZM8.2245 2.86494H26.6281L26.6446 2.86506V0.874C26.6446 0.393313 26.2513 0 25.7706 0H8.97438C8.49369 0 8.10038 0.393313 8.10038 0.874V2.87175C8.14159 2.86721 8.18303 2.86494 8.2245 2.86494ZM11.5888 1.93581C11.4562 1.93581 11.329 1.88313 11.2353 1.78937C11.1415 1.6956 11.0888 1.56842 11.0888 1.43581C11.0888 1.3032 11.1415 1.17603 11.2353 1.08226C11.329 0.988491 11.4562 0.935812 11.5888 0.935812H15.4045C15.5371 0.935812 15.6643 0.988491 15.7581 1.08226C15.8518 1.17603 15.9045 1.3032 15.9045 1.43581C15.9045 1.56842 15.8518 1.6956 15.7581 1.78937C15.6643 1.88313 15.5371 1.93581 15.4045 1.93581H11.5888ZM19.3404 1.93581C19.2078 1.93581 19.0807 1.88313 18.9869 1.78937C18.8931 1.6956 18.8404 1.56842 18.8404 1.43581C18.8404 1.3032 18.8931 1.17603 18.9869 1.08226C19.0807 0.988491 19.2078 0.935812 19.3404 0.935812H23.1561C23.2887 0.935812 23.4159 0.988491 23.5097 1.08226C23.6034 1.17603 23.6561 1.3032 23.6561 1.43581C23.6561 1.56842 23.6034 1.6956 23.5097 1.78937C23.4159 1.88313 23.2887 1.93581 23.1561 1.93581H19.3404ZM9.05088 21.844C9.12854 21.844 9.20514 21.8621 9.27461 21.8968C9.34407 21.9316 9.40448 21.982 9.45106 22.0442C9.49763 22.1063 9.52909 22.1785 9.54293 22.2549C9.55678 22.3313 9.55263 22.4099 9.53081 22.4844C9.77738 22.6427 9.94069 22.9192 9.94069 23.2339C9.94069 23.7253 9.54231 24.1238 9.05081 24.1238C8.55937 24.1238 8.16094 23.7254 8.16094 23.2339C8.16094 23.0941 8.19325 22.9618 8.25069 22.844H5.23731C5.29656 22.9654 5.32726 23.0988 5.32706 23.2339C5.32706 23.7253 4.92869 24.1238 4.43719 24.1238C3.94569 24.1238 3.54731 23.7254 3.54731 23.2339C3.54731 23.0941 3.57963 22.9618 3.63706 22.844H3.30375C2.59613 22.844 2.019 22.2668 2.019 21.5592C2.019 21.0921 2.27338 20.6644 2.67869 20.4374L1.31694 14.3472H0.5C0.367392 14.3472 0.240215 14.2946 0.146447 14.2008C0.0526785 14.107 0 13.9799 0 13.8472C0 13.7146 0.0526785 13.5875 0.146447 13.4937C0.240215 13.3999 0.367392 13.3472 0.5 13.3472L1.7155 13.3491C1.82892 13.3492 1.93894 13.3879 2.02736 13.4589C2.11579 13.53 2.17733 13.6291 2.20181 13.7398L2.59919 15.5169H9.46894C10.1088 15.5169 10.6779 16.0574 10.6779 16.7034C10.6779 16.7881 10.6672 16.8815 10.6442 16.9843L9.77275 20.8818C9.74826 20.9926 9.68672 21.0916 9.5983 21.1627C9.50988 21.2337 9.39986 21.2725 9.28644 21.2725L3.30381 21.2744C3.14825 21.2744 3.01906 21.4036 3.01906 21.5591C3.01906 21.7147 3.14825 21.8439 3.30381 21.8439H9.05088V21.844ZM19.7322 19.1423C19.799 19.0289 19.908 18.9465 20.0353 18.9131C20.1627 18.8796 20.298 18.8979 20.412 18.9639C20.5259 19.0299 20.6091 19.1382 20.6435 19.2653C20.6778 19.3924 20.6606 19.5279 20.5954 19.6423L19.5134 21.5164C19.4466 21.6298 19.3376 21.7122 19.2103 21.7456C19.083 21.7791 18.9476 21.7608 18.8337 21.6948C18.7197 21.6288 18.6365 21.5205 18.6022 21.3934C18.5678 21.2663 18.5851 21.1308 18.6502 21.0164L19.7322 19.1423ZM20.7459 19.7276C20.8128 19.6142 20.9217 19.5318 21.0491 19.4984C21.1764 19.4649 21.3118 19.4832 21.4257 19.5492C21.5396 19.6152 21.6228 19.7235 21.6572 19.8506C21.6916 19.9777 21.6743 20.1132 21.6092 20.2276L20.5273 22.1016C20.4604 22.2151 20.3515 22.2975 20.2241 22.3309C20.0968 22.3643 19.9614 22.346 19.8475 22.2801C19.7336 22.2141 19.6503 22.1057 19.616 21.9786C19.5816 21.8516 19.5989 21.716 19.664 21.6016L20.7459 19.7276ZM14.3253 19.1423C14.3921 19.0289 14.5011 18.9465 14.6284 18.9131C14.7558 18.8796 14.8912 18.8979 15.0051 18.9639C15.119 19.0299 15.2022 19.1382 15.2366 19.2653C15.271 19.3924 15.2537 19.5279 15.1886 19.6423L14.1066 21.5164C14.0397 21.6298 13.9308 21.7122 13.8034 21.7456C13.6761 21.7791 13.5407 21.7608 13.4268 21.6948C13.3129 21.6288 13.2297 21.5205 13.1953 21.3934C13.1609 21.2663 13.1782 21.1308 13.2433 21.0164L14.3253 19.1423ZM15.3391 19.7276C15.406 19.6142 15.5149 19.5318 15.6423 19.4984C15.7696 19.4649 15.905 19.4832 16.0189 19.5492C16.1328 19.6152 16.216 19.7235 16.2504 19.8506C16.2848 19.9777 16.2675 20.1132 16.2024 20.2276L15.1204 22.1016C15.0536 22.2151 14.9446 22.2975 14.8173 22.3309C14.69 22.3643 14.5546 22.346 14.4407 22.2801C14.3267 22.2141 14.2435 22.1057 14.2092 21.9786C14.1748 21.8516 14.1921 21.716 14.2572 21.6016L15.3391 19.7276ZM4.59706 25.1237H30.2556C30.3255 25.1238 30.3926 25.1517 30.4421 25.2012C30.4915 25.2507 30.5194 25.3177 30.5195 25.3877V26.8236C30.5194 26.8935 30.4915 26.9606 30.442 27.01C30.3926 27.0595 30.3255 27.0874 30.2556 27.0875H4.59706C4.5271 27.0874 4.46003 27.0595 4.41055 27.0101C4.36108 26.9606 4.33321 26.8935 4.33306 26.8236V25.3877C4.33319 25.3177 4.36105 25.2506 4.41053 25.2012C4.46001 25.1517 4.52709 25.1238 4.59706 25.1237ZM23.4391 9.216H17.9263V3.86494H21.8047L23.4391 9.216ZM13.0479 3.86494L11.4134 9.216H16.9263V3.86494H13.0479ZM10.3721 9.216H4.9395L8.16594 3.87719C8.17294 3.86556 8.21281 3.86494 8.2245 3.86494H12.0066L10.3721 9.216ZM30.2358 10.216C29.9254 11.4321 28.6449 12.1005 27.4557 12.1005C26.2666 12.1005 24.9858 11.4321 24.6754 10.216H30.2358ZM23.5496 10.216C23.2393 11.4321 21.9586 12.1005 20.7694 12.1005C19.5802 12.1005 18.2995 11.4321 17.9891 10.216H23.5496ZM16.8634 10.216C16.5531 11.4321 15.2723 12.1005 14.0831 12.1005C12.8939 12.1005 11.6133 11.4321 11.3029 10.216H16.8634ZM10.1771 10.216C9.86675 11.4321 8.58606 12.1005 7.39687 12.1005C6.20769 12.1005 4.92712 11.4321 4.61675 10.216H10.1771Z" fill="#3A522A"/>',
                            'ar' => 'السوبرماركت',
                            'en' => 'Supermarkets',
                        ],
                        [
                            'icon' =>
                                '<path d="M16.9823 3.30291L15.5443 4.70959L15.8843 6.69629C15.9392 7.02029 15.6911 7.31963 15.3583 7.31963C15.1777 7.31963 15.2715 7.3437 13.3336 6.32095L11.5576 7.2583C11.1676 7.46417 10.709 7.13243 10.7829 6.69629L11.1229 4.70959L9.68487 3.30291C9.36834 2.99357 9.54567 2.45716 9.98088 2.39356L11.9662 2.10422L12.8549 0.297529C13.0503 -0.0988764 13.6167 -0.0994764 13.8123 0.297529L14.7009 2.10422L16.6863 2.39356C17.1223 2.45729 17.2982 2.99424 16.9823 3.30291ZM7.76851 6.03235L7.70551 5.66501C7.95212 5.4246 8.22845 5.23087 8.10732 4.85813C7.98625 4.48559 7.64631 4.49072 7.30797 4.44152L7.14304 4.10732C6.94783 3.71171 6.38189 3.71145 6.18649 4.10732L6.02155 4.44152C5.68075 4.49106 5.34328 4.48532 5.22221 4.85813C5.10114 5.23067 5.37921 5.42634 5.62402 5.66501L5.56101 6.03235C5.48648 6.46709 5.94409 6.79996 6.33489 6.59455L6.6647 6.42109C7.00237 6.59869 7.07604 6.65582 7.24264 6.65582C7.57171 6.65582 7.82465 6.35942 7.76851 6.03235ZM3.10178 8.69905L3.03878 8.33171C3.28538 8.09131 3.56172 7.89757 3.44058 7.52484C3.31951 7.1523 2.97958 7.15743 2.64124 7.10823L2.4763 6.77402C2.2811 6.37842 1.71516 6.37815 1.51976 6.77402L1.35482 7.10823C1.01401 7.15776 0.676543 7.15203 0.555475 7.52484C0.434406 7.89737 0.712477 8.09304 0.957281 8.33171L0.89428 8.69905C0.819745 9.13379 1.27735 9.46666 1.66816 9.26126L1.99796 9.08779C2.33563 9.26539 2.4093 9.32253 2.5759 9.32253C2.90498 9.32253 3.15791 9.02612 3.10178 8.69905ZM21.106 6.03235L21.043 5.66501C21.2896 5.4246 21.5659 5.23087 21.4448 4.85813C21.3237 4.48559 20.9838 4.49072 20.6454 4.44152C20.493 4.13252 20.3942 3.81005 20.0023 3.81005C19.6106 3.81005 19.5104 4.13492 19.3591 4.44152L18.9903 4.49512C18.5537 4.55859 18.3786 5.09673 18.6947 5.40487L18.9615 5.66501C18.9033 6.00461 18.7936 6.32362 19.1107 6.55395C19.4276 6.78422 19.6996 6.58022 20.0023 6.42109C20.34 6.59869 20.4136 6.65582 20.5802 6.65582C20.9092 6.65582 21.162 6.35942 21.106 6.03235ZM25.7727 8.69905L25.7097 8.33171C25.9563 8.09131 26.2326 7.89757 26.1115 7.52484C25.9904 7.1523 25.6505 7.15743 25.3122 7.10823C25.1597 6.79922 25.061 6.47675 24.669 6.47675C24.2774 6.47675 24.1772 6.80162 24.0258 7.10823L23.657 7.16183C23.2205 7.2253 23.0453 7.76344 23.3614 8.07158L23.6283 8.33171C23.57 8.67132 23.4603 8.99032 23.7775 9.22066C24.0944 9.45093 24.3664 9.24693 24.669 9.08779C25.0067 9.26539 25.0804 9.32253 25.247 9.32253C25.5759 9.32253 25.8288 9.02612 25.7727 8.69905ZM5.47741 31.4515C5.48655 31.7519 5.24488 32 4.94427 32H2.13336C0.955148 32 0 31.0448 0 29.8666V19.1998C0 18.0216 0.955148 17.0664 2.13336 17.0664H4.93341C5.22794 17.0664 5.46675 17.3058 5.46675 17.6003C5.46615 27.6445 5.44935 30.5312 5.47741 31.4515ZM3.66672 22.3999C3.66672 22.2584 3.61053 22.1227 3.51051 22.0227C3.41049 21.9227 3.27483 21.8665 3.13338 21.8665C2.99193 21.8665 2.85627 21.9227 2.75625 22.0227C2.65623 22.1227 2.60004 22.2584 2.60004 22.3999V24.6666C2.60004 24.808 2.65623 24.9437 2.75625 25.0437C2.85627 25.1437 2.99193 25.1999 3.13338 25.1999C3.27483 25.1999 3.41049 25.1437 3.51051 25.0437C3.61053 24.9437 3.66672 24.808 3.66672 24.6666V22.3999ZM26.6671 19.1998V29.8666C26.6671 31.0448 25.7119 32 24.5337 32H21.7232C21.4227 32 21.1809 31.7518 21.1901 31.4514C21.2183 30.5328 21.2009 27.6503 21.2003 17.6003C21.2003 17.3058 21.4391 17.0664 21.7337 17.0664H24.5337C25.712 17.0664 26.6671 18.0216 26.6671 19.1998ZM24.067 22.3999C24.067 22.2584 24.0108 22.1227 23.9108 22.0227C23.8108 21.9227 23.6751 21.8665 23.5337 21.8665C23.3922 21.8665 23.2566 21.9227 23.1565 22.0227C23.0565 22.1227 23.0003 22.2584 23.0003 22.3999V24.6666C23.0003 24.808 23.0565 24.9437 23.1565 25.0437C23.2566 25.1437 23.3922 25.1999 23.5337 25.1999C23.6751 25.1999 23.8108 25.1437 23.9108 25.0437C24.0108 24.9437 24.067 24.808 24.067 24.6666V22.3999ZM12.0002 32H14.6669C14.8083 32 14.944 31.9438 15.044 31.8438C15.144 31.7438 15.2002 31.6081 15.2002 31.4667V26.4666C15.2002 26.3251 15.144 26.1895 15.044 26.0894C14.944 25.9894 14.8083 25.9332 14.6669 25.9332H12.0002C11.8587 25.9332 11.7231 25.9894 11.623 26.0894C11.523 26.1895 11.4668 26.3251 11.4668 26.4666V31.4667C11.4668 31.6081 11.523 31.7438 11.623 31.8438C11.7231 31.9438 11.8587 32 12.0002 32ZM20.1336 11.5997V31.4667C20.1336 31.6081 20.0774 31.7438 19.9774 31.8438C19.8774 31.9438 19.7417 32 19.6003 32H16.8002C16.6588 32 16.5231 31.9438 16.4231 31.8438C16.3231 31.7438 16.2669 31.6081 16.2669 31.4667V25.3999C16.2669 25.2584 16.2107 25.1228 16.1107 25.0228C16.0107 24.9227 15.875 24.8666 15.7336 24.8666H10.9335C10.792 24.8666 10.6564 24.9227 10.5564 25.0228C10.4563 25.1228 10.4002 25.2584 10.4002 25.3999V31.4667C10.4002 31.6081 10.344 31.7438 10.2439 31.8438C10.1439 31.9438 10.0083 32 9.86681 32H7.06677C6.92532 32 6.78966 31.9438 6.68964 31.8438C6.58962 31.7438 6.53343 31.6081 6.53343 31.4667V11.5997C6.53343 10.4215 7.48858 9.46633 8.66679 9.46633H18.0003C19.1785 9.46633 20.1336 10.4215 20.1336 11.5997ZM16.0002 20.5332C16.0002 20.3917 15.944 20.2561 15.844 20.156C15.744 20.056 15.6083 19.9998 15.4669 19.9998H11.2002C11.0587 19.9998 10.9231 20.056 10.823 20.156C10.723 20.2561 10.6668 20.3917 10.6668 20.5332C10.6668 20.6746 10.723 20.8103 10.823 20.9103C10.9231 21.0103 11.0587 21.0665 11.2002 21.0665H15.4669C15.6083 21.0665 15.744 21.0103 15.844 20.9103C15.944 20.8103 16.0002 20.6746 16.0002 20.5332ZM16.9336 15.3997C16.9336 15.2583 16.8774 15.1226 16.7774 15.0226C16.6773 14.9226 16.5417 14.8664 16.4002 14.8664H10.2668C10.1254 14.8664 9.98971 14.9226 9.88969 15.0226C9.78967 15.1226 9.73348 15.2583 9.73348 15.3997C9.73348 15.5412 9.78967 15.6769 9.88969 15.7769C9.98971 15.8769 10.1254 15.9331 10.2668 15.9331H16.4002C16.5417 15.9331 16.6773 15.8769 16.7774 15.7769C16.8774 15.6769 16.9336 15.5412 16.9336 15.3997Z" fill="#3A522A"/>',
                            'ar' => 'المطاعم والفنادق',
                            'en' => 'Restaurants & Hotels',
                        ],
                        [
                            'icon' =>
                                '<path d="M19 17H22.465C22.6296 17 22.7916 17.0406 22.9368 17.1182C23.0819 17.1958 23.2057 17.3081 23.297 17.445L25 20H19V17Z" fill="#3A522A"/>
                                <path d="M8 28C9.10457 28 10 27.1046 10 26C10 24.8954 9.10457 24 8 24C6.89543 24 6 24.8954 6 26C6 27.1046 6.89543 28 8 28Z" fill="#3A522A"/>
                                <path d="M18 23.78V16C18 15.7348 17.8946 15.4804 17.7071 15.2929C17.5196 15.1054 17.2652 15 17 15H4C3.73478 15 3.48043 15.1054 3.29289 15.2929C3.10536 15.4804 3 15.7348 3 16V25C3 25.2652 3.10536 25.5196 3.29289 25.7071C3.48043 25.8946 3.73478 26 4 26H5C5 24.346 6.346 23 8 23C9.654 23 11 24.346 11 26H17C17 25.117 17.39 24.33 18 23.78ZM19 21V23.184C19.3203 23.0655 19.6586 23.0033 20 23C21.654 23 23 24.346 23 26H24C24.2652 26 24.5196 25.8946 24.7071 25.7071C24.8946 25.5196 25 25.2652 25 25V21H19Z" fill="#3A522A"/>
                                <path d="M20 28C21.1046 28 22 27.1046 22 26C22 24.8954 21.1046 24 20 24C18.8954 24 18 24.8954 18 26C18 27.1046 18.8954 28 20 28Z" fill="#3A522A"/>
                                <path d="M27 4H22C21.7348 4 21.4804 4.10536 21.2929 4.29289C21.1054 4.48043 21 4.73478 21 5V16H22.465C22.7942 16 23.1183 16.0812 23.4086 16.2364C23.6988 16.3917 23.9463 16.6162 24.129 16.89L25.834 19.448C25.9436 19.6123 26.002 19.8055 26.002 20.003L26 25H27C27.2652 25 27.5196 24.8946 27.7071 24.7071C27.8946 24.5196 28 24.2652 28 24V5C28 4.73478 27.8946 4.48043 27.7071 4.29289C27.5196 4.10536 27.2652 4 27 4ZM26 12C26 12.2652 25.8946 12.5196 25.7071 12.7071C25.5196 12.8946 25.2652 13 25 13H24C23.7348 13 23.4804 12.8946 23.2929 12.7071C23.1054 12.5196 23 12.2652 23 12V11C23 10.7348 23.1054 10.4804 23.2929 10.2929C23.4804 10.1054 23.7348 10 24 10H25C25.2652 10 25.5196 10.1054 25.7071 10.2929C25.8946 10.4804 26 10.7348 26 11V12ZM26 8C26 8.26522 25.8946 8.51957 25.7071 8.70711C25.5196 8.89464 25.2652 9 25 9H24C23.7348 9 23.4804 8.89464 23.2929 8.70711C23.1054 8.51957 23 8.26522 23 8V7C23 6.73478 23.1054 6.48043 23.2929 6.29289C23.4804 6.10536 23.7348 6 24 6H25C25.2652 6 25.5196 6.10536 25.7071 6.29289C25.8946 6.48043 26 6.73478 26 7V8ZM6 4H1C0.734784 4 0.48043 4.10536 0.292893 4.29289C0.105357 4.48043 0 4.73478 0 5V24C0 24.2652 0.105357 24.5196 0.292893 24.7071C0.48043 24.8946 0.734784 25 1 25H2V16C2 15.4696 2.21071 14.9609 2.58579 14.5858C2.96086 14.2107 3.46957 14 4 14H7V5C7 4.73478 6.89464 4.48043 6.70711 4.29289C6.51957 4.10536 6.26522 4 6 4ZM5 12C5 12.2652 4.89464 12.5196 4.70711 12.7071C4.51957 12.8946 4.26522 13 4 13H3C2.73478 13 2.48043 12.8946 2.29289 12.7071C2.10536 12.5196 2 12.2652 2 12V11C2 10.7348 2.10536 10.4804 2.29289 10.2929C2.48043 10.1054 2.73478 10 3 10H4C4.26522 10 4.51957 10.1054 4.70711 10.2929C4.89464 10.4804 5 10.7348 5 11V12ZM5 8C5 8.26522 4.89464 8.51957 4.70711 8.70711C4.51957 8.89464 4.26522 9 4 9H3C2.73478 9 2.48043 8.89464 2.29289 8.70711C2.10536 8.51957 2 8.26522 2 8V7C2 6.73478 2.10536 6.48043 2.29289 6.29289C2.48043 6.10536 2.73478 6 3 6H4C4.26522 6 4.51957 6.10536 4.70711 6.29289C4.89464 6.48043 5 6.73478 5 7V8ZM19 0H9C8.73478 0 8.48043 0.105357 8.29289 0.292893C8.10536 0.48043 8 0.734784 8 1V14H17C17.5304 14 18.0391 14.2107 18.4142 14.5858C18.7893 14.9609 19 15.4696 19 16H20V1C20 0.734784 19.8946 0.48043 19.7071 0.292893C19.5196 0.105357 19.2652 0 19 0ZM13 12C13 12.2652 12.8946 12.5196 12.7071 12.7071C12.5196 12.8946 12.2652 13 12 13H11C10.7348 13 10.4804 12.8946 10.2929 12.7071C10.1054 12.5196 10 12.2652 10 12V11C10 10.7348 10.1054 10.4804 10.2929 10.2929C10.4804 10.1054 10.7348 10 11 10H12C12.2652 10 12.5196 10.1054 12.7071 10.2929C12.8946 10.4804 13 10.7348 13 11V12ZM13 8C13 8.26522 12.8946 8.51957 12.7071 8.70711C12.5196 8.89464 12.2652 9 12 9H11C10.7348 9 10.4804 8.89464 10.2929 8.70711C10.1054 8.51957 10 8.26522 10 8V7C10 6.73478 10.1054 6.48043 10.2929 6.29289C10.4804 6.10536 10.7348 6 11 6H12C12.2652 6 12.5196 6.10536 12.7071 6.29289C12.8946 6.48043 13 6.73478 13 7V8ZM13 4C13 4.26522 12.8946 4.51957 12.7071 4.70711C12.5196 4.89464 12.2652 5 12 5H11C10.7348 5 10.4804 4.89464 10.2929 4.70711C10.1054 4.51957 10 4.26522 10 4V3C10 2.73478 10.1054 2.48043 10.2929 2.29289C10.4804 2.10536 10.7348 2 11 2H12C12.2652 2 12.5196 2.10536 12.7071 2.29289C12.8946 2.48043 13 2.73478 13 3V4ZM18 12C18 12.2652 17.8946 12.5196 17.7071 12.7071C17.5196 12.8946 17.2652 13 17 13H16C15.7348 13 15.4804 12.8946 15.2929 12.7071C15.1054 12.5196 15 12.2652 15 12V11C15 10.7348 15.1054 10.4804 15.2929 10.2929C15.4804 10.1054 15.7348 10 16 10H17C17.2652 10 17.5196 10.1054 17.7071 10.2929C17.8946 10.4804 18 10.7348 18 11V12ZM18 8C18 8.26522 17.8946 8.51957 17.7071 8.70711C17.5196 8.89464 17.2652 9 17 9H16C15.7348 9 15.4804 8.89464 15.2929 8.70711C15.1054 8.51957 15 8.26522 15 8V7C15 6.73478 15.1054 6.48043 15.2929 6.29289C15.4804 6.10536 15.7348 6 16 6H17C17.2652 6 17.5196 6.10536 17.7071 6.29289C17.8946 6.48043 18 6.73478 18 7V8ZM18 4C18 4.26522 17.8946 4.51957 17.7071 4.70711C17.5196 4.89464 17.2652 5 17 5H16C15.7348 5 15.4804 4.89464 15.2929 4.70711C15.1054 4.51957 15 4.26522 15 4V3C15 2.73478 15.1054 2.48043 15.2929 2.29289C15.4804 2.10536 15.7348 2 16 2H17C17.2652 2 17.5196 2.10536 17.7071 2.29289C17.8946 2.48043 18 2.73478 18 3V4Z" fill="#3A522A"/>',
                            'ar' => 'شركات التوريد',
                            'en' => 'Food Suppliers',
                        ],
                        [
                            'icon' =>
                                '<path d="M4.81249 21.9375H14.4375V23.0625H4.81249V21.9375ZM5.89156 26.1264C4.99368 26.1264 4.26324 26.8569 4.26324 27.7547C4.26324 28.6526 4.99368 29.3831 5.89156 29.3831C6.78943 29.3831 7.51987 28.6526 7.51987 27.7547C7.51987 26.8569 6.78943 26.1264 5.89156 26.1264ZM18.125 13.4375V20.9375H27.75V13.4375H25.5625V16.0502C25.5625 16.2234 25.464 16.3843 25.3167 16.4754C25.1694 16.5665 24.9776 16.5747 24.8227 16.4972L22.9182 15.545L21.0148 16.4972C20.9464 16.5319 20.8707 16.55 20.794 16.55C20.7026 16.55 20.6179 16.525 20.5376 16.4754C20.3903 16.3843 20.3126 16.2234 20.3126 16.0502V13.4375H18.125ZM4.81249 13.4375V20.9375H14.4375V13.4375H12.25V16.0502C12.25 16.2234 12.1574 16.3843 12.0101 16.4754C11.9299 16.5243 11.8378 16.5501 11.7439 16.5501C11.6666 16.5501 11.5903 16.532 11.5212 16.4973L9.61768 15.5451L7.71512 16.4973C7.63929 16.5354 7.55496 16.5534 7.47018 16.5496C7.3854 16.5458 7.30302 16.5203 7.23093 16.4755C7.08362 16.3844 6.99999 16.2236 6.99999 16.0503V13.4375H4.81249ZM18.125 21.9375H27.75V23.0625H18.125V21.9375Z" fill="#3A522A"/>
                                <path d="M9.84219 14.5393L11.25 15.2416V13.4375H8V15.2416L9.4 14.5393C9.46854 14.5046 9.54428 14.4865 9.62109 14.4865C9.69791 14.4865 9.77365 14.5046 9.84219 14.5393ZM12.8079 26.1264C11.91 26.1264 11.1796 26.8569 11.1796 27.7547C11.1796 28.6526 11.91 29.3831 12.8079 29.3831C13.7057 29.3831 14.4362 28.6526 14.4362 27.7547C14.4362 26.8569 13.7057 26.1264 12.8079 26.1264Z" fill="#3A522A"/>
                                <path d="M28.4945 24.0625H3.5055C1.5765 24.0625 0 25.5677 0 27.4968V28.0127C0 29.9418 1.5765 31.5625 3.5055 31.5625H28.4944C30.4235 31.5625 32 29.9418 32 28.0127V27.4968C32 25.5677 30.4235 24.0625 28.4945 24.0625ZM5.89156 30.3826C4.44256 30.3826 3.26369 29.2037 3.26369 27.7547C3.26369 26.3057 4.44256 25.1269 5.89156 25.1269C7.34062 25.1269 8.51944 26.3057 8.51944 27.7547C8.51944 29.2037 7.34056 30.3826 5.89156 30.3826ZM12.8079 30.3826C11.3589 30.3826 10.18 29.2037 10.18 27.7547C10.18 26.3057 11.3589 25.1269 12.8079 25.1269C14.2569 25.1269 15.4358 26.3057 15.4358 27.7547C15.4358 29.2037 14.2569 30.3826 12.8079 30.3826ZM19.7241 30.3826C18.2751 30.3826 17.0963 29.2037 17.0963 27.7547C17.0963 26.3057 18.2751 25.1269 19.7241 25.1269C21.1731 25.1269 22.352 26.3057 22.352 27.7547C22.352 29.2037 21.1732 30.3826 19.7241 30.3826ZM26.6405 30.3826C25.1915 30.3826 24.0126 29.2037 24.0126 27.7547C24.0126 26.3057 25.1915 25.1269 26.6405 25.1269C28.0895 25.1269 29.2684 26.3057 29.2684 27.7547C29.2683 29.2037 28.0895 30.3826 26.6405 30.3826ZM23.1488 14.5393L24.5625 15.2416V13.4375H21.3125V15.2416L22.7068 14.5393C22.7771 14.5041 22.8448 14.4865 22.9214 14.4865C22.9979 14.4865 23.0784 14.5041 23.1488 14.5393Z" fill="#3A522A"/>
                                <path d="M26.6405 26.1264C25.7426 26.1264 25.0122 26.8569 25.0122 27.7547C25.0122 28.6526 25.7426 29.3831 26.6405 29.3831C27.5384 29.3831 28.2688 28.6526 28.2688 27.7547C28.2687 26.8569 27.5383 26.1264 26.6405 26.1264ZM19.7241 26.1264C18.8263 26.1264 18.0958 26.8569 18.0958 27.7547C18.0958 28.6526 18.8263 29.3831 19.7241 29.3831C20.622 29.3831 21.3524 28.6526 21.3524 27.7547C21.3524 26.8569 20.622 26.1264 19.7241 26.1264ZM31.4931 0H0.506875C0.230812 0 0 0.16825 0 0.44425V2.44338C0 2.71944 0.230812 3 0.506875 3H19V4.94225C19 5.21831 19.2224 5.5 19.4984 5.5H21V5.94181C20.9994 6.27479 21.1102 6.59838 21.3149 6.861L15.8211 8.97381C15.711 9.01613 15.6195 9.09599 15.5626 9.19928C15.5057 9.30258 15.4871 9.42266 15.5102 9.53831L16.0098 12.0372C16.0358 12.1671 16.1124 12.2814 16.2226 12.355C16.3329 12.4285 16.4678 12.4552 16.5978 12.4292C16.6622 12.4164 16.7234 12.391 16.7779 12.3544C16.8324 12.3179 16.8792 12.271 16.9156 12.2164C16.952 12.1618 16.9773 12.1006 16.9901 12.0362C17.0028 11.9718 17.0027 11.9055 16.9899 11.8412L16.5728 9.7555L22.5044 7.47412L28.8887 9.73406L28.0346 11.7437C27.9845 11.8654 27.9844 12.0019 28.0344 12.1236C28.0843 12.2453 28.1802 12.3425 28.3013 12.3939C28.4224 12.4454 28.5589 12.447 28.6812 12.3985C28.8034 12.3499 28.9017 12.2552 28.9545 12.1347L30.0165 9.63581C30.0432 9.57302 30.0567 9.50543 30.0563 9.4372C30.0559 9.36897 30.0415 9.30156 30.014 9.2391C29.9865 9.17665 29.9465 9.12048 29.8965 9.07406C29.8465 9.02764 29.7876 8.99195 29.7232 8.96919L23.7011 6.83681C23.8876 6.58687 23.9999 6.27706 23.9999 5.94187V5.5H25.4958C25.7718 5.5 25.9999 5.21831 25.9999 4.94225V3H31.4931C31.7691 3 31.9999 2.71944 31.9999 2.44338V0.44425C32 0.16825 31.7692 0 31.4931 0ZM23 5.94181C23 6.21737 22.7756 6.44156 22.5 6.44156C22.2244 6.44156 22 6.21737 22 5.94181V5.5H23V5.94181Z" fill="#3A522A"/>',
                            'ar' => 'معامل تجهيز الأغذية',
                            'en' => 'Food Processing',
                        ],
                        [
                            'icon' =>
                                '<path d="M31.0983 13.7144H24.7052L21.8481 16.5715H26.8572C27.1224 16.5732 27.3835 16.6372 27.6195 16.7584L31.0983 13.7144ZM16.5714 26.8572H18.8577V28.0001H16.5714V26.8572ZM28.5714 18.2858V28.8035L31.8286 25.5464C31.8828 25.4941 31.926 25.4314 31.9554 25.3621C31.9849 25.2928 32.0001 25.2182 32 25.1429V14.444L28.4154 17.5806C28.5176 17.8017 28.5708 18.0422 28.5714 18.2858ZM12.9714 30.1224L12.9817 30.1127C13.0853 30.0059 13.1431 29.863 13.1429 29.7144V18.2858C13.1429 18.1342 13.0827 17.9889 12.9755 17.8817C12.8683 17.7746 12.723 17.7144 12.5714 17.7144H0.571437C0.419883 17.7144 0.274535 17.7746 0.16737 17.8817C0.0602048 17.9889 0 18.1342 0 18.2858L0 29.7144C0 29.8659 0.0602048 30.0113 0.16737 30.1184C0.274535 30.2256 0.419883 30.2858 0.571437 30.2858H12.5714C12.7211 30.2862 12.8649 30.2274 12.9714 30.1224ZM5.71431 28C5.71431 28.6312 5.20262 29.1429 4.57144 29.1429H2.28569C1.6545 29.1429 1.14281 28.6312 1.14281 28V26.8572C1.14281 26.226 1.6545 25.7143 2.28569 25.7143H4.57137C5.20256 25.7143 5.71425 26.226 5.71425 26.8572L5.71431 28ZM11.4286 29.1429H9.71425C9.56269 29.1429 9.41735 29.0827 9.31018 28.9755C9.20302 28.8684 9.14281 28.723 9.14281 28.5715C9.14281 28.4199 9.20302 28.2746 9.31018 28.1674C9.41735 28.0602 9.56269 28 9.71425 28H11.4286C11.5801 28 11.7255 28.0602 11.8326 28.1674C11.9398 28.2746 12 28.4199 12 28.5715C12 28.723 11.9398 28.8684 11.8326 28.9755C11.7255 29.0827 11.5801 29.1429 11.4286 29.1429ZM11.4286 26.8572H9.71425C9.56269 26.8572 9.41735 26.797 9.31018 26.6899C9.20302 26.5827 9.14281 26.4373 9.14281 26.2858C9.14281 26.1342 9.20302 25.9889 9.31018 25.8817C9.41735 25.7746 9.56269 25.7144 9.71425 25.7144H11.4286C11.5801 25.7144 11.7255 25.7746 11.8326 25.8817C11.9398 25.9889 12 26.1342 12 26.2858C12 26.4373 11.9398 26.5827 11.8326 26.6899C11.7255 26.797 11.5801 26.8572 11.4286 26.8572Z" fill="#3A522A"/>
                                <path d="M2.2857 26.8572H4.57201V28.0001H2.2857V26.8572ZM27.2509 30.1252L27.2572 30.1143L27.2681 30.104C27.3693 29.9993 27.4267 29.8599 27.4286 29.7143V18.2858C27.4286 18.1342 27.3684 17.9889 27.2613 17.8817C27.1541 17.7745 27.0087 17.7143 26.8572 17.7143H14.8572C14.7056 17.7143 14.5603 17.7745 14.4531 17.8817C14.346 17.9889 14.2858 18.1342 14.2858 18.2858V29.7143C14.2858 29.8659 14.346 30.0112 14.4531 30.1184C14.5603 30.2255 14.7056 30.2858 14.8572 30.2858H26.8572C27.0042 30.2848 27.1452 30.2273 27.2509 30.1252ZM20 28C20 28.6312 19.4883 29.1429 18.8571 29.1429H16.5714C15.9403 29.1429 15.4286 28.6312 15.4286 28V26.8571C15.4286 26.2259 15.9403 25.7143 16.5714 25.7143H18.8571C19.4883 25.7143 20 26.2259 20 26.8571V28ZM25.7143 29.1429H24C23.8485 29.1429 23.7031 29.0827 23.5959 28.9755C23.4888 28.8683 23.4286 28.723 23.4286 28.5714C23.4286 28.4199 23.4888 28.2745 23.5959 28.1674C23.7031 28.0602 23.8485 28 24 28H25.7143C25.8659 28 26.0112 28.0602 26.1184 28.1674C26.2256 28.2745 26.2858 28.4199 26.2858 28.5714C26.2858 28.723 26.2256 28.8683 26.1184 28.9755C26.0112 29.0827 25.8659 29.1429 25.7143 29.1429ZM25.7143 26.8572H24C23.8485 26.8572 23.7031 26.797 23.5959 26.6898C23.4888 26.5827 23.4286 26.4373 23.4286 26.2858C23.4286 26.1342 23.4888 25.9889 23.5959 25.8817C23.7031 25.7745 23.8485 25.7143 24 25.7143H25.7143C25.8659 25.7143 26.0112 25.7745 26.1184 25.8817C26.2256 25.9889 26.2858 26.1342 26.2858 26.2858C26.2858 26.4373 26.2256 26.5827 26.1184 26.6898C26.0112 26.797 25.8659 26.8572 25.7143 26.8572ZM20.7623 3.044L24.2412 3.74736e-06H19.6246L15.9515 2.85713H20C20.2652 2.85891 20.5263 2.92291 20.7623 3.044ZM13.3177 0.164566C13.293 0.18987 13.2661 0.212823 13.2371 0.233129L9.50113 2.85713H14.0897L17.7628 3.74736e-06H13.7143C13.6405 -0.000267084 13.5675 0.0141449 13.4994 0.0423989C13.4313 0.0706528 13.3696 0.112183 13.3177 0.164566ZM24.9714 11.8286C25.0253 11.7767 25.0682 11.7146 25.0977 11.6459C25.1271 11.5772 25.1425 11.5033 25.1429 11.4286V0.729754L21.5583 3.86632C21.6604 4.0874 21.7136 4.32791 21.7143 4.57144V15.0909L24.9714 11.8286ZM5.88913 13.8789C5.86446 13.9042 5.83749 13.9271 5.80857 13.9474L2.07257 16.5714H6.39088C6.3232 16.3884 6.28763 16.1951 6.28576 16V13.7143C6.21203 13.714 6.13899 13.7284 6.07089 13.7567C6.00279 13.7849 5.941 13.8265 5.88913 13.8789ZM9.71432 13.1429H12.0006V14.2858H9.71432V13.1429Z" fill="#3A522A"/>
                                <path d="M8 16.5714H20C20.1496 16.5719 20.2933 16.5134 20.4 16.4086L20.4114 16.3971C20.5145 16.2907 20.572 16.1482 20.5714 16V4.57144C20.5714 4.41988 20.5112 4.27454 20.4041 4.16737C20.2969 4.0602 20.1516 4 20 4H8C7.84844 4 7.70309 4.0602 7.59593 4.16737C7.48876 4.27454 7.42856 4.41988 7.42856 4.57144V16C7.42856 16.1516 7.48876 16.2969 7.59593 16.4041C7.70309 16.5112 7.84844 16.5714 8 16.5714ZM17.1429 12H18.8572C19.0087 12 19.1541 12.0602 19.2613 12.1674C19.3684 12.2745 19.4286 12.4199 19.4286 12.5714C19.4286 12.723 19.3684 12.8683 19.2613 12.9755C19.1541 13.0827 19.0087 13.1429 18.8572 13.1429H17.1429C16.9913 13.1429 16.846 13.0827 16.7388 12.9755C16.6316 12.8683 16.5714 12.723 16.5714 12.5714C16.5714 12.4199 16.6316 12.2745 16.7388 12.1674C16.846 12.0602 16.9913 12 17.1429 12ZM17.1429 14.2857H18.8572C19.0087 14.2857 19.1541 14.346 19.2613 14.4531C19.3684 14.5603 19.4286 14.7056 19.4286 14.8572C19.4286 15.0087 19.3684 15.1541 19.2613 15.2613C19.1541 15.3684 19.0087 15.4286 18.8572 15.4286H17.1429C16.9913 15.4286 16.846 15.3684 16.7388 15.2613C16.6316 15.1541 16.5714 15.0087 16.5714 14.8572C16.5714 14.7056 16.6316 14.5603 16.7388 14.4531C16.846 14.346 16.9913 14.2857 17.1429 14.2857ZM8.57143 13.1429C8.57143 12.5117 9.08312 12 9.71431 12H12C12.6312 12 13.1429 12.5117 13.1429 13.1429V14.2857C13.1429 14.9169 12.6312 15.4286 12 15.4286H9.71431C9.08312 15.4286 8.57143 14.9169 8.57143 14.2857V13.1429Z" fill="#3A522A"/>',
                            'ar' => 'شركات البيع بالجملة',
                            'en' => 'Wholesalers',
                        ],
                    ];
                @endphp

                @foreach ($clients as $index => $client)
                    <div class="bg-jood-light rounded-3xl p-4 text-center" data-aos="zoom-in"
                        data-aos-delay="{{ $index * 100 }}">
                        <div
                            class="w-12 h-12 bg-jood-light-75 rounded-lg flex items-center justify-center mx-auto mb-3 shadow-sm">
                            <svg class="w-7 h-6" fill="none"
                                viewBox="0 0 32 32">{!! $client['icon'] !!}</svg>
                        </div>
                        <h3 class="font-bold text-jood-green text-sm">
                            {{ session('locale', 'en') === 'ar' ? $client['ar'] : $client['en'] }}</h3>
                    </div>
                @endforeach
            </div>
